---
generation: 319
last_run_time: 1297044900.2227
tests:
  t/get.t:
    elapsed: 2.62656307220459
    gen: 319
    last_fail_time: 1297042095.28853
    last_pass_time: 1297044900.22069
    last_result: 0
    last_run_time: 1297044900.22069
    last_todo: 0
    mtime: 1297042164
    seq: 319
    total_failures: 218
    total_passes: 101
version: 1
...
