---
generation: 313
last_run_time: 1297033294.46164
tests:
  t/get.t:
    elapsed: 1.42923378944397
    gen: 313
    last_fail_time: 1297033266.03756
    last_pass_time: 1297033294.37949
    last_result: 0
    last_run_time: 1297033294.37949
    last_todo: 0
    mtime: 1297033261
    seq: 313
    total_failures: 215
    total_passes: 98
version: 1
...
