---
generation: 101
last_run_time: 1296917814.46072
tests:
  t/get.t:
    elapsed: 0.65944504737854
    gen: 101
    last_fail_time: 1296917814.45788
    last_pass_time: 1296916922.55691
    last_result: 2
    last_run_time: 1296917814.45788
    last_todo: 0
    mtime: 1296917389
    seq: 101
    total_failures: 59
    total_passes: 42
version: 1
...
