---
generation: 64
last_run_time: 1296916194.18558
tests:
  t/get.t:
    elapsed: 0.72827410697937
    gen: 64
    last_fail_time: 1296916194.18284
    last_pass_time: 1296916097.27958
    last_result: 2
    last_run_time: 1296916194.18284
    last_todo: 0
    mtime: 1296916045
    seq: 64
    total_failures: 27
    total_passes: 37
version: 1
...
