---
generation: 150
last_run_time: 1296928583.02576
tests:
  t/get.t:
    elapsed: 0.373332023620605
    gen: 150
    last_fail_time: 1296928571.79997
    last_pass_time: 1296928583.0209
    last_result: 0
    last_run_time: 1296928583.0209
    last_todo: 0
    mtime: 1296928580
    seq: 150
    total_failures: 107
    total_passes: 43
version: 1
...
